data/asc/mnt_XYZBRAVOSANSFIDOUTEST_2.asc
ncols        320
nrows        303
xllcorner    900372.500000000000
yllcorner    6435217.500000000000
cellsize     5.000000000000
NODATA_value  -99999.00
[rows 220 to 239 of 303, columns 225 to 269 of 320]
1331.1400146484375 1330.56005859375 1329.989990234375 1329.4300537109375 1328.8900146484375 1328.3499755859375 1327.8199462890625 1327.2900390625 1326.77001953125 1326.260009765625 1325.739990234375 1325.219970703125 1324.699951171875 1324.1600341796875 1323.6099853515625 1323.030029296875 1322.4300537109375 1321.800048828125 1321.1400146484375 1320.4599609375 1319.739990234375 1319.010009765625 1318.25 1317.4599609375 1316.6600341796875 1315.8399658203125 1314.989990234375 1314.1300048828125 1313.25 1312.3399658203125 1311.4200439453125 1310.469970703125 1309.489990234375 1308.489990234375 1307.469970703125 1306.4300537109375 1305.3800048828125 1304.31005859375 1303.22998046875 1302.1500244140625 1301.0799560546875 1300.02001953125 1298.969970703125 1297.93994140625 1296.9100341796875
1329.97998046875 1329.4300537109375 1328.8800048828125 1328.3399658203125 1327.81005859375 1327.280029296875 1326.760009765625 1326.239990234375 1325.719970703125 1325.2099609375 1324.699951171875 1324.18994140625 1323.6700439453125 1323.1400146484375 1322.5899658203125 1322.010009765625 1321.4100341796875 1320.77001953125 1320.0999755859375 1319.4100341796875 1318.68994140625 1317.949951171875 1317.1800537109375 1316.3900146484375 1315.5899658203125 1314.77001953125 1313.9300537109375 1313.0699462890625 1312.199951171875 1311.300048828125 1310.3800048828125 1309.43994140625 1308.47998046875 1307.489990234375 1306.489990234375 1305.4599609375 1304.4300537109375 1303.3900146484375 1302.3399658203125 1301.300048828125 1300.260009765625 1299.239990234375 1298.219970703125 1297.2099609375 1296.199951171875
1328.800048828125 1328.27001953125 1327.75 1327.22998046875 1326.719970703125 1326.199951171875 1325.68994140625 1325.1700439453125 1324.6600341796875 1324.1500244140625 1323.6400146484375 1323.1400146484375 1322.6199951171875 1322.0999755859375 1321.550048828125 1320.969970703125 1320.3499755859375 1319.7099609375 1319.030029296875 1318.3299560546875 1317.5999755859375 1316.8399658203125 1316.0699462890625 1315.280029296875 1314.47998046875 1313.6600341796875 1312.8199462890625 1311.969970703125 1311.0899658203125 1310.199951171875 1309.2900390625 1308.3599853515625 1307.4100341796875 1306.43994140625 1305.449951171875 1304.449951171875 1303.43994140625 1302.4300537109375 1301.4200439453125 1300.4200439453125 1299.4200439453125 1298.4300537109375 1297.449951171875 1296.469970703125 1295.5
1327.5999755859375 1327.0899658203125 1326.5999755859375 1326.0999755859375 1325.6099853515625 1325.1099853515625 1324.5999755859375 1324.0899658203125 1323.5799560546875 1323.0699462890625 1322.5699462890625 1322.06005859375 1321.56005859375 1321.030029296875 1320.47998046875 1319.9000244140625 1319.27001953125 1318.6199951171875 1317.9300537109375 1317.2099609375 1316.469970703125 1315.699951171875 1314.9200439453125 1314.1300048828125 1313.3199462890625 1312.5 1311.6600341796875 1310.81005859375 1309.949951171875 1309.06005859375 1308.1600341796875 1307.239990234375 1306.300048828125 1305.3399658203125 1304.3699951171875 1303.3900146484375 1302.4100341796875 1301.43994140625 1300.469970703125 1299.5 1298.550048828125 1297.5999755859375 1296.6600341796875 1295.719970703125 1294.780029296875
1326.3800048828125 1325.9000244140625 1325.4200439453125 1324.949951171875 1324.469970703125 1323.989990234375 1323.5 1323 1322.489990234375 1321.989990234375 1321.47998046875 1320.97998046875 1320.469970703125 1319.93994140625 1319.3900146484375 1318.800048828125 1318.1600341796875 1317.5 1316.7900390625 1316.0699462890625 1315.31005859375 1314.5400390625 1313.739990234375 1312.93994140625 1312.1300048828125 1311.300048828125 1310.469970703125 1309.6199951171875 1308.760009765625 1307.8800048828125 1306.97998046875 1306.0699462890625 1305.1400146484375 1304.199951171875 1303.25 1302.2900390625 1301.3399658203125 1300.4100341796875 1299.47998046875 1298.56005859375 1297.6500244140625 1296.75 1295.8499755859375 1294.949951171875 1294.050048828125
1325.1500244140625 1324.6800537109375 1324.22998046875 1323.780029296875 1323.3299560546875 1322.8599853515625 1322.3900146484375 1321.8900146484375 1321.3900146484375 1320.8900146484375 1320.3800048828125 1319.8800048828125 1319.3699951171875 1318.8399658203125 1318.280029296875 1317.6800537109375 1317.030029296875 1316.3599853515625 1315.6400146484375 1314.9000244140625 1314.1300048828125 1313.3399658203125 1312.5400390625 1311.719970703125 1310.9000244140625 1310.0699462890625 1309.22998046875 1308.3900146484375 1307.52001953125 1306.6500244140625 1305.760009765625 1304.8499755859375 1303.9300537109375 1303 1302.0699462890625 1301.1400146484375 1300.22998046875 1299.3299560546875 1298.449951171875 1297.5799560546875 1296.719970703125 1295.8699951171875 1295.02001953125 1294.1600341796875 1293.300048828125
1323.9000244140625 1323.449951171875 1323.02001953125 1322.5899658203125 1322.1500244140625 1321.7099609375 1321.25 1320.77001953125 1320.280029296875 1319.780029296875 1319.280029296875 1318.77001953125 1318.25 1317.719970703125 1317.1500244140625 1316.5400390625 1315.8800048828125 1315.18994140625 1314.4599609375 1313.699951171875 1312.9200439453125 1312.1199951171875 1311.300048828125 1310.47998046875 1309.6400146484375 1308.81005859375 1307.9599609375 1307.1099853515625 1306.25 1305.3699951171875 1304.489990234375 1303.5899658203125 1302.6800537109375 1301.77001953125 1300.8499755859375 1299.949951171875 1299.0699462890625 1298.2099609375 1297.3800048828125 1296.56005859375 1295.760009765625 1294.9599609375 1294.1600341796875 1293.3599853515625 1292.5400390625
1322.6500244140625 1322.2099609375 1321.7900390625 1321.3800048828125 1320.9599609375 1320.5400390625 1320.0999755859375 1319.6300048828125 1319.1600341796875 1318.6600341796875 1318.1600341796875 1317.6500244140625 1317.1300048828125 1316.5799560546875 1316 1315.3699951171875 1314.7099609375 1314 1313.260009765625 1312.489990234375 1311.68994140625 1310.8699951171875 1310.0400390625 1309.199951171875 1308.3599853515625 1307.52001953125 1306.6700439453125 1305.81005859375 1304.93994140625 1304.0699462890625 1303.1800537109375 1302.2900390625 1301.3900146484375 1300.489990234375 1299.5899658203125 1298.719970703125 1297.8699951171875 1297.050048828125 1296.27001953125 1295.510009765625 1294.760009765625 1294.02001953125 1293.280029296875 1292.530029296875 1291.77001953125
1321.4000244140625 1320.969970703125 1320.56005859375 1320.1600341796875 1319.760009765625 1319.3599853515625 1318.9300537109375 1318.489990234375 1318.02001953125 1317.530029296875 1317.0400390625 1316.52001953125 1315.97998046875 1315.4200439453125 1314.8299560546875 1314.18994140625 1313.510009765625 1312.7900390625 1312.0400390625 1311.260009765625 1310.43994140625 1309.6099853515625 1308.77001953125 1307.9200439453125 1307.06005859375 1306.199951171875 1305.3399658203125 1304.47998046875 1303.6099853515625 1302.72998046875 1301.8399658203125 1300.949951171875 1300.06005859375 1299.1700439453125 1298.300048828125 1297.449951171875 1296.6300048828125 1295.8599853515625 1295.1199951171875 1294.4100341796875 1293.72998046875 1293.050048828125 1292.3599853515625 1291.6700439453125 1290.969970703125
1320.1600341796875 1319.72998046875 1319.3299560546875 1318.93994140625 1318.56005859375 1318.1700439453125 1317.760009765625 1317.3299560546875 1316.8699951171875 1316.3900146484375 1315.8900146484375 1315.3699951171875 1314.8199462890625 1314.25 1313.6300048828125 1312.97998046875 1312.2900390625 1311.56005859375 1310.7900390625 1310 1309.1800537109375 1308.3299560546875 1307.47998046875 1306.6099853515625 1305.739990234375 1304.8699951171875 1304 1303.1199951171875 1302.239990234375 1301.3599853515625 1300.469970703125 1299.5799560546875 1298.68994140625 1297.8199462890625 1296.9599609375 1296.1400146484375 1295.3499755859375 1294.6199951171875 1293.9300537109375 1293.27001953125 1292.6500244140625 1292.030029296875 1291.4200439453125 1290.800048828125 1290.1600341796875
1318.93994140625 1318.510009765625 1318.1099853515625 1317.72998046875 1317.3499755859375 1316.97998046875 1316.5799560546875 1316.1600341796875 1315.7099609375 1315.239990234375 1314.739990234375 1314.2099609375 1313.6500244140625 1313.050048828125 1312.4200439453125 1311.75 1311.050048828125 1310.31005859375 1309.530029296875 1308.72998046875 1307.9000244140625 1307.0400390625 1306.1700439453125 1305.300048828125 1304.4200439453125 1303.530029296875 1302.6500244140625 1301.760009765625 1300.8599853515625 1299.969970703125 1299.0799560546875 1298.18994140625 1297.31005859375 1296.43994140625 1295.5999755859375 1294.800048828125 1294.0400390625 1293.3399658203125 1292.699951171875 1292.0899658203125 1291.530029296875 1290.97998046875 1290.43994140625 1289.8900146484375 1289.3399658203125
1317.75 1317.3199462890625 1316.9100341796875 1316.530029296875 1316.1600341796875 1315.7900390625 1315.4000244140625 1314.97998046875 1314.5400390625 1314.0699462890625 1313.5699462890625 1313.02001953125 1312.449951171875 1311.8299560546875 1311.18994140625 1310.5 1309.780029296875 1309.030029296875 1308.25 1307.43994140625 1306.5999755859375 1305.739990234375 1304.8599853515625 1303.969970703125 1303.0799560546875 1302.1800537109375 1301.280029296875 1300.3800048828125 1299.47998046875 1298.5699462890625 1297.6700439453125 1296.780029296875 1295.9000244140625 1295.0400390625 1294.2099609375 1293.4300537109375 1292.699951171875 1292.030029296875 1291.4200439453125 1290.8699951171875 1290.3599853515625 1289.8800048828125 1289.4200439453125 1288.9599609375 1288.489990234375
1316.6199951171875 1316.1800537109375 1315.77001953125 1315.3800048828125 1315 1314.6099853515625 1314.2099609375 1313.7900390625 1313.3499755859375 1312.8699951171875 1312.3699951171875 1311.81005859375 1311.22998046875 1310.5899658203125 1309.9300537109375 1309.22998046875 1308.5 1307.739990234375 1306.949951171875 1306.1300048828125 1305.2900390625 1304.4200439453125 1303.5400390625 1302.6500244140625 1301.739990234375 1300.8299560546875 1299.9200439453125 1299 1298.0799560546875 1297.1600341796875 1296.25 1295.3499755859375 1294.47998046875 1293.6199951171875 1292.81005859375 1292.0400390625 1291.3299560546875 1290.68994140625 1290.1199951171875 1289.5999755859375 1289.1500244140625 1288.739990234375 1288.3599853515625 1288 1287.6300048828125
1315.52001953125 1315.0699462890625 1314.6500244140625 1314.239990234375 1313.8499755859375 1313.449951171875 1313.0400390625 1312.5999755859375 1312.1500244140625 1311.6600341796875 1311.1400146484375 1310.5799560546875 1309.97998046875 1309.3299560546875 1308.6500244140625 1307.93994140625 1307.18994140625 1306.4200439453125 1305.6300048828125 1304.81005859375 1303.969970703125 1303.0999755859375 1302.219970703125 1301.3199462890625 1300.4000244140625 1299.47998046875 1298.550048828125 1297.6199951171875 1296.6800537109375 1295.75 1294.8299560546875 1293.9300537109375 1293.050048828125 1292.199951171875 1291.3900146484375 1290.6400146484375 1289.949951171875 1289.3299560546875 1288.7900390625 1288.31005859375 1287.9200439453125 1287.5699462890625 1287.2900390625 1287.02001953125 1286.739990234375
1314.43994140625 1313.97998046875 1313.550048828125 1313.1300048828125 1312.7099609375 1312.300048828125 1311.8699951171875 1311.4200439453125 1310.949951171875 1310.449951171875 1309.9100341796875 1309.3299560546875 1308.7099609375 1308.050048828125 1307.3499755859375 1306.6300048828125 1305.8800048828125 1305.0999755859375 1304.31005859375 1303.489990234375 1302.6400146484375 1301.780029296875 1300.8900146484375 1299.989990234375 1299.0699462890625 1298.1300048828125 1297.18994140625 1296.239990234375 1295.2900390625 1294.3499755859375 1293.4200439453125 1292.510009765625 1291.6300048828125 1290.780029296875 1289.97998046875 1289.239990234375 1288.56005859375 1287.9599609375 1287.449951171875 1287.010009765625 1286.6600341796875 1286.3900146484375 1286.1800537109375 1286.010009765625 1285.8299560546875
1313.3800048828125 1312.9100341796875 1312.4599609375 1312.02001953125 1311.5899658203125 1311.1500244140625 1310.7099609375 1310.239990234375 1309.75 1309.22998046875 1308.6800537109375 1308.0799560546875 1307.449951171875 1306.77001953125 1306.06005859375 1305.3199462890625 1304.56005859375 1303.780029296875 1302.97998046875 1302.1600341796875 1301.3199462890625 1300.449951171875 1299.5699462890625 1298.6600341796875 1297.739990234375 1296.7900390625 1295.8299560546875 1294.8699951171875 1293.9100341796875 1292.949951171875 1292.010009765625 1291.0999755859375 1290.2099609375 1289.3699951171875 1288.5799560546875 1287.8399658203125 1287.1800537109375 1286.5999755859375 1286.1099853515625 1285.699951171875 1285.4000244140625 1285.1800537109375 1285.06005859375 1284.97998046875 1284.9000244140625
1312.3199462890625 1311.8399658203125 1311.3800048828125 1310.9300537109375 1310.47998046875 1310.02001953125 1309.56005859375 1309.0699462890625 1308.56005859375 1308.02001953125 1307.449951171875 1306.8299560546875 1306.1800537109375 1305.489990234375 1304.77001953125 1304.030029296875 1303.260009765625 1302.469970703125 1301.6700439453125 1300.8399658203125 1300 1299.1300048828125 1298.25 1297.3399658203125 1296.4100341796875 1295.449951171875 1294.489990234375 1293.510009765625 1292.5400390625 1291.5699462890625 1290.6300048828125 1289.699951171875 1288.8199462890625 1287.97998046875 1287.18994140625 1286.4599609375 1285.81005859375 1285.25 1284.780029296875 1284.4000244140625 1284.1500244140625 1283.97998046875 1283.9300537109375 1283.9300537109375 1283.93994140625
1311.27001953125 1310.7900390625 1310.3199462890625 1309.8499755859375 1309.3800048828125 1308.9000244140625 1308.4100341796875 1307.9100341796875 1307.3800048828125 1306.8199462890625 1306.22998046875 1305.5899658203125 1304.9300537109375 1304.22998046875 1303.5 1302.739990234375 1301.969970703125 1301.1800537109375 1300.3699951171875 1299.5400390625 1298.68994140625 1297.8199462890625 1296.93994140625 1296.02001953125 1295.0899658203125 1294.1300048828125 1293.1500244140625 1292.1700439453125 1291.18994140625 1290.219970703125 1289.260009765625 1288.3399658203125 1287.449951171875 1286.6099853515625 1285.8299560546875 1285.1099853515625 1284.469970703125 1283.9200439453125 1283.469970703125 1283.1300048828125 1282.9100341796875 1282.7900390625 1282.800048828125 1282.8699951171875 1282.949951171875
1310.22998046875 1309.739990234375 1309.260009765625 1308.77001953125 1308.280029296875 1307.7900390625 1307.280029296875 1306.75 1306.199951171875 1305.6199951171875 1305.010009765625 1304.3599853515625 1303.6800537109375 1302.969970703125 1302.22998046875 1301.469970703125 1300.68994140625 1299.9000244140625 1299.0799560546875 1298.25 1297.4000244140625 1296.530029296875 1295.6300048828125 1294.7099609375 1293.77001953125 1292.81005859375 1291.8299560546875 1290.8399658203125 1289.8499755859375 1288.8800048828125 1287.9200439453125 1287 1286.1099853515625 1285.280029296875 1284.5 1283.7900390625 1283.1600341796875 1282.6300048828125 1282.199951171875 1281.8800048828125 1281.68994140625 1281.6199951171875 1281.6700439453125 1281.800048828125 1281.93994140625
1309.18994140625 1308.699951171875 1308.199951171875 1307.699951171875 1307.199951171875 1306.6800537109375 1306.1400146484375 1305.5899658203125 1305.02001953125 1304.4200439453125 1303.800048828125 1303.1400146484375 1302.449951171875 1301.72998046875 1300.97998046875 1300.219970703125 1299.4300537109375 1298.6300048828125 1297.81005859375 1296.969970703125 1296.1199951171875 1295.239990234375 1294.3399658203125 1293.4100341796875 1292.469970703125 1291.5 1290.52001953125 1289.5400390625 1288.550048828125 1287.5699462890625 1286.6099853515625 1285.68994140625 1284.800048828125 1283.969970703125 1283.199951171875 1282.5 1281.8900146484375 1281.3699951171875 1280.9599609375 1280.6600341796875 1280.5 1280.4599609375 1280.56005859375 1280.719970703125 1280.9200439453125
