data/asc/mnt_XYZBRAVOSANSFIDOUTEST_2.asc
ncols        320
nrows        303
xllcorner    900372.500000000000
yllcorner    6435217.500000000000
cellsize     5.000000000000
NODATA_value  -99999.00
[rows 40 to 59 of 303, columns 0 to 44 of 320]
1758.5799560546875 1759.6700439453125 1760.72998046875 1761.739990234375 1762.699951171875 1763.6800537109375 1764.75 1766.010009765625 1767.31005859375 1768.25 1769.06005859375 1769.52001953125 1770.0999755859375 1771.43994140625 1772.75 1774.469970703125 1776.4000244140625 1778.5899658203125 1780.989990234375 1783.5899658203125 1786.3499755859375 1789.2099609375 1792.1700439453125 1795.219970703125 1798.3900146484375 1801.68994140625 1805.1400146484375 1808.72998046875 1812.4000244140625 1816.0799560546875 1819.6400146484375 1823.030029296875 1826.1400146484375 1829.0400390625 1831.780029296875 1834.449951171875 1837.199951171875 1839.4100341796875 1841.5 1843.5799560546875 1846.1099853515625 1848.9599609375 1851.8399658203125 1854.7099609375 1857.56005859375
1757.3800048828125 1758.4200439453125 1759.4100341796875 1760.31005859375 1761.1500244140625 1761.949951171875 1762.9200439453125 1764.0799560546875 1765.2900390625 1766.260009765625 1767.31005859375 1767.989990234375 1768.8399658203125 1770.300048828125 1771.8299560546875 1773.6300048828125 1775.5 1777.6199951171875 1779.949951171875 1782.510009765625 1785.219970703125 1788.06005859375 1791.010009765625 1794.06005859375 1797.239990234375 1800.5699462890625 1804.06005859375 1807.68994140625 1811.4200439453125 1815.18994140625 1818.8599853515625 1822.3900146484375 1825.6600341796875 1828.68994140625 1831.550048828125 1834.31005859375 1837.1400146484375 1839.31005859375 1841.2099609375 1843.1700439453125 1845.719970703125 1848.5699462890625 1851.449951171875 1854.3199462890625 1857.199951171875
1756.25 1757.25 1758.1700439453125 1758.9599609375 1759.6500244140625 1760.25 1761.0400390625 1762.22998046875 1763.3599853515625 1764.5699462890625 1765.699951171875 1766.760009765625 1767.9100341796875 1769.3599853515625 1770.969970703125 1772.8399658203125 1774.6300048828125 1776.719970703125 1779.010009765625 1781.52001953125 1784.18994140625 1787 1789.9300537109375 1792.97998046875 1796.1700439453125 1799.5 1803 1806.6600341796875 1810.43994140625 1814.280029296875 1818.06005859375 1821.7099609375 1825.1300048828125 1828.31005859375 1831.260009765625 1834.06005859375 1836.81005859375 1839.030029296875 1840.9200439453125 1842.9599609375 1845.489990234375 1848.27001953125 1851.0799560546875 1853.9300537109375 1856.8199462890625
1755.18994140625 1756.1600341796875 1757.02001953125 1757.72998046875 1758.25 1758.719970703125 1759.280029296875 1760.3900146484375 1761.6400146484375 1763.050048828125 1764.4000244140625 1765.699951171875 1767.0699462890625 1768.550048828125 1770.1800537109375 1771.97998046875 1773.800048828125 1775.8299560546875 1778.06005859375 1780.52001953125 1783.1500244140625 1785.9300537109375 1788.8399658203125 1791.8900146484375 1795.0699462890625 1798.4200439453125 1801.9300537109375 1805.6099853515625 1809.43994140625 1813.3499755859375 1817.25 1821.030029296875 1824.5899658203125 1827.9000244140625 1830.9200439453125 1833.72998046875 1836.300048828125 1838.550048828125 1840.6500244140625 1842.8800048828125 1845.3599853515625 1848.02001953125 1850.7900390625 1853.6099853515625 1856.5
1754.1800537109375 1755.1500244140625 1755.989990234375 1756.6500244140625 1757 1757.3800048828125 1757.9000244140625 1758.7099609375 1760.0400390625 1761.6400146484375 1763.1199951171875 1764.5799560546875 1766.0799560546875 1767.6500244140625 1769.3199462890625 1771.0999755859375 1772.989990234375 1775.050048828125 1777.27001953125 1779.68994140625 1782.27001953125 1785.030029296875 1787.9100341796875 1790.93994140625 1794.1099853515625 1797.43994140625 1800.949951171875 1804.6400146484375 1808.47998046875 1812.43994140625 1816.4200439453125 1820.3199462890625 1824.02001953125 1827.4599609375 1830.5799560546875 1833.3900146484375 1835.9000244140625 1838.1800537109375 1840.4300537109375 1842.760009765625 1845.239990234375 1847.8299560546875 1850.530029296875 1853.3199462890625 1856.199951171875
1753.239990234375 1754.2099609375 1755.0699462890625 1755.739990234375 1756.050048828125 1756.3599853515625 1756.8199462890625 1757.47998046875 1758.7099609375 1760.3599853515625 1761.969970703125 1763.56005859375 1765.1700439453125 1766.8499755859375 1768.5699462890625 1770.3599853515625 1772.25 1774.2900390625 1776.47998046875 1778.8599853515625 1781.4200439453125 1784.1400146484375 1787 1790.02001953125 1793.1700439453125 1796.5 1800 1803.68994140625 1807.56005859375 1811.56005859375 1815.5999755859375 1819.6199951171875 1823.43994140625 1827 1830.2099609375 1833.0400390625 1835.56005859375 1837.9100341796875 1840.280029296875 1842.7099609375 1845.219970703125 1847.77001953125 1850.4000244140625 1853.1300048828125 1855.989990234375
1752.3499755859375 1753.3499755859375 1754.25 1754.989990234375 1755.4599609375 1755.7099609375 1756.0699462890625 1756.7900390625 1757.6400146484375 1759.3399658203125 1761.050048828125 1762.699951171875 1764.4100341796875 1766.1700439453125 1767.9200439453125 1769.75 1771.6400146484375 1773.6700439453125 1775.8399658203125 1778.2099609375 1780.739990234375 1783.43994140625 1786.280029296875 1789.280029296875 1792.4200439453125 1795.739990234375 1799.219970703125 1802.9100341796875 1806.760009765625 1810.77001953125 1814.8299560546875 1818.9000244140625 1822.800048828125 1826.4300537109375 1829.739990234375 1832.6500244140625 1835.300048828125 1837.8399658203125 1840.3299560546875 1842.81005859375 1845.300048828125 1847.8199462890625 1850.4100341796875 1853.0899658203125 1855.9000244140625
1751.530029296875 1752.5400390625 1753.47998046875 1754.31005859375 1754.93994140625 1755.3800048828125 1755.800048828125 1756.239990234375 1757.1600341796875 1758.699951171875 1760.4000244140625 1762.0799560546875 1763.8199462890625 1765.6099853515625 1767.3800048828125 1769.22998046875 1771.1300048828125 1773.1600341796875 1775.3499755859375 1777.699951171875 1780.219970703125 1782.9100341796875 1785.72998046875 1788.719970703125 1791.8399658203125 1795.1500244140625 1798.6099853515625 1802.27001953125 1806.0999755859375 1810.0899658203125 1814.1500244140625 1818.22998046875 1822.18994140625 1825.8800048828125 1829.2900390625 1832.3499755859375 1835.1600341796875 1837.8299560546875 1840.4000244140625 1842.93994140625 1845.43994140625 1847.9300537109375 1850.4599609375 1853.0899658203125 1855.8499755859375
1750.75 1751.780029296875 1752.75 1753.6400146484375 1754.3599853515625 1754.9599609375 1755.449951171875 1755.969970703125 1756.9200439453125 1758.300048828125 1759.93994140625 1761.6099853515625 1763.3399658203125 1765.1099853515625 1766.9000244140625 1768.75 1770.6600341796875 1772.719970703125 1774.9300537109375 1777.2900390625 1779.81005859375 1782.489990234375 1785.31005859375 1788.27001953125 1791.3900146484375 1794.6700439453125 1798.1099853515625 1801.75 1805.5400390625 1809.52001953125 1813.5699462890625 1817.6500244140625 1821.6400146484375 1825.3900146484375 1828.9100341796875 1832.1099853515625 1835.0899658203125 1837.8800048828125 1840.52001953125 1843.1099853515625 1845.5899658203125 1848.030029296875 1850.530029296875 1853.0999755859375 1855.81005859375
1750.010009765625 1751.0400390625 1752.030029296875 1752.9599609375 1753.780029296875 1754.47998046875 1755.0899658203125 1755.780029296875 1756.780029296875 1758.0400390625 1759.5999755859375 1761.239990234375 1762.9300537109375 1764.6700439453125 1766.4300537109375 1768.280029296875 1770.239990234375 1772.3299560546875 1774.5799560546875 1776.969970703125 1779.510009765625 1782.1800537109375 1784.989990234375 1787.93994140625 1791.0400390625 1794.300048828125 1797.719970703125 1801.3299560546875 1805.0899658203125 1809.0400390625 1813.0699462890625 1817.1400146484375 1821.1500244140625 1824.969970703125 1828.5999755859375 1831.93994140625 1835.0699462890625 1837.969970703125 1840.6700439453125 1843.280029296875 1845.719970703125 1848.1099853515625 1850.56005859375 1853.0799560546875 1855.739990234375
1749.3199462890625 1750.3399658203125 1751.3499755859375 1752.300048828125 1753.1800537109375 1753.97998046875 1754.72998046875 1755.5400390625 1756.6700439453125 1757.8299560546875 1759.3199462890625 1760.93994140625 1762.5899658203125 1764.2900390625 1766.030029296875 1767.8900146484375 1769.9100341796875 1772.050048828125 1774.3399658203125 1776.760009765625 1779.31005859375 1781.989990234375 1784.7900390625 1787.72998046875 1790.8199462890625 1794.06005859375 1797.449951171875 1801.030029296875 1804.77001953125 1808.6800537109375 1812.68994140625 1816.75 1820.77001953125 1824.6500244140625 1828.3699951171875 1831.8199462890625 1835.06005859375 1838.050048828125 1840.81005859375 1843.4000244140625 1845.800048828125 1848.1600341796875 1850.56005859375 1853.0400390625 1855.6500244140625
1748.68994140625 1749.699951171875 1750.719970703125 1751.699951171875 1752.6300048828125 1753.510009765625 1754.3699951171875 1755.25 1756.3199462890625 1757.5999755859375 1759.1099853515625 1760.6700439453125 1762.2900390625 1763.969970703125 1765.739990234375 1767.6400146484375 1769.7099609375 1771.9000244140625 1774.22998046875 1776.6700439453125 1779.239990234375 1781.9200439453125 1784.72998046875 1787.6500244140625 1790.719970703125 1793.93994140625 1797.31005859375 1800.8499755859375 1804.56005859375 1808.43994140625 1812.4200439453125 1816.469970703125 1820.5 1824.4300537109375 1828.239990234375 1831.780029296875 1835.1099853515625 1838.1600341796875 1840.9200439453125 1843.4599609375 1845.8199462890625 1848.1400146484375 1850.5 1852.949951171875 1855.52001953125
1748.1500244140625 1749.1500244140625 1750.1700439453125 1751.1700439453125 1752.1400146484375 1753.0899658203125 1754.02001953125 1754.97998046875 1756.0699462890625 1757.43994140625 1758.93994140625 1760.4300537109375 1762.030029296875 1763.739990234375 1765.5699462890625 1767.530029296875 1769.6400146484375 1771.8800048828125 1774.239990234375 1776.7099609375 1779.300048828125 1781.97998046875 1784.780029296875 1787.699951171875 1790.75 1793.93994140625 1797.280029296875 1800.7900390625 1804.4599609375 1808.31005859375 1812.27001953125 1816.300048828125 1820.3199462890625 1824.280029296875 1828.1500244140625 1831.760009765625 1835.1700439453125 1838.25 1840.97998046875 1843.469970703125 1845.800048828125 1848.0699462890625 1850.3900146484375 1852.8199462890625 1855.3599853515625
1747.7099609375 1748.6800537109375 1749.68994140625 1750.7099609375 1751.719970703125 1752.719970703125 1753.719970703125 1754.72998046875 1755.8499755859375 1757.31005859375 1758.72998046875 1760.1500244140625 1761.780029296875 1763.5899658203125 1765.510009765625 1767.5400390625 1769.719970703125 1772 1774.4000244140625 1776.8900146484375 1779.47998046875 1782.1600341796875 1784.9599609375 1787.8599853515625 1790.8900146484375 1794.06005859375 1797.3800048828125 1800.8499755859375 1804.489990234375 1808.300048828125 1812.219970703125 1816.219970703125 1820.239990234375 1824.2099609375 1828.0899658203125 1831.739990234375 1835.1800537109375 1838.260009765625 1840.969970703125 1843.4200439453125 1845.719970703125 1847.97998046875 1850.27001953125 1852.6800537109375 1855.1800537109375
1747.3800048828125 1748.3399658203125 1749.3299560546875 1750.3499755859375 1751.3800048828125 1752.4200439453125 1753.4599609375 1754.52001953125 1755.6700439453125 1757.06005859375 1758.3599853515625 1759.780029296875 1761.550048828125 1763.52001953125 1765.5899658203125 1767.719970703125 1769.9599609375 1772.2900390625 1774.699951171875 1777.18994140625 1779.7900390625 1782.469970703125 1785.27001953125 1788.1600341796875 1791.1800537109375 1794.3199462890625 1797.5999755859375 1801.0400390625 1804.6400146484375 1808.4000244140625 1812.280029296875 1816.25 1820.22998046875 1824.18994140625 1828.06005859375 1831.719970703125 1835.1400146484375 1838.199951171875 1840.9000244140625 1843.3199462890625 1845.5899658203125 1847.8599853515625 1850.1500244140625 1852.5400390625 1855
1747.18994140625 1748.1300048828125 1749.0999755859375 1750.1099853515625 1751.1400146484375 1752.18994140625 1753.260009765625 1754.3299560546875 1755.47998046875 1756.72998046875 1757.8699951171875 1759.3399658203125 1761.3499755859375 1763.510009765625 1765.77001953125 1768.030029296875 1770.3399658203125 1772.699951171875 1775.1099853515625 1777.6099853515625 1780.219970703125 1782.9000244140625 1785.68994140625 1788.5799560546875 1791.5799560546875 1794.68994140625 1797.93994140625 1801.3399658203125 1804.8900146484375 1808.5999755859375 1812.43994140625 1816.3499755859375 1820.300048828125 1824.2099609375 1828.06005859375 1831.68994140625 1835.0799560546875 1838.0999755859375 1840.7900390625 1843.199951171875 1845.449951171875 1847.719970703125 1850.02001953125 1852.3900146484375 1854.8199462890625
1747.1099853515625 1748.02001953125 1748.969970703125 1749.969970703125 1750.989990234375 1752.0400390625 1753.1099853515625 1754.1700439453125 1755.25 1756.31005859375 1757.4300537109375 1759 1761.1800537109375 1763.6099853515625 1766.030029296875 1768.4200439453125 1770.780029296875 1773.1800537109375 1775.6099853515625 1778.1199951171875 1780.72998046875 1783.4200439453125 1786.2099609375 1789.0899658203125 1792.0699462890625 1795.1500244140625 1798.3699951171875 1801.72998046875 1805.239990234375 1808.9000244140625 1812.6700439453125 1816.530029296875 1820.4200439453125 1824.27001953125 1828.06005859375 1831.6500244140625 1834.97998046875 1837.969970703125 1840.6400146484375 1843.0400390625 1845.2900390625 1847.550048828125 1849.8800048828125 1852.27001953125 1854.6700439453125
1747.1199951171875 1748.010009765625 1748.93994140625 1749.9200439453125 1750.9300537109375 1751.969970703125 1753.02001953125 1754.050048828125 1755.0400390625 1756.0400390625 1757.31005859375 1758.77001953125 1761.1500244140625 1763.81005859375 1766.4000244140625 1768.8399658203125 1771.22998046875 1773.6600341796875 1776.1300048828125 1778.6700439453125 1781.3199462890625 1784.02001953125 1786.8199462890625 1789.68994140625 1792.6500244140625 1795.7099609375 1798.9000244140625 1802.2099609375 1805.6700439453125 1809.27001953125 1812.97998046875 1816.77001953125 1820.5899658203125 1824.3699951171875 1828.0699462890625 1831.5799560546875 1834.8499755859375 1837.7900390625 1840.43994140625 1842.8399658203125 1845.0999755859375 1847.3800048828125 1849.77001953125 1852.2099609375 1854.5899658203125
1747.219970703125 1748.0899658203125 1749 1749.9599609375 1750.93994140625 1751.9599609375 1753 1753.989990234375 1754.93994140625 1756.030029296875 1757.5999755859375 1759.3599853515625 1761.6600341796875 1764.22998046875 1766.8399658203125 1769.280029296875 1771.6800537109375 1774.1500244140625 1776.6600341796875 1779.260009765625 1781.93994140625 1784.6800537109375 1787.489990234375 1790.3599853515625 1793.31005859375 1796.3499755859375 1799.5 1802.77001953125 1806.1800537109375 1809.719970703125 1813.3599853515625 1817.0699462890625 1820.800048828125 1824.489990234375 1828.0899658203125 1831.52001953125 1834.719970703125 1837.6199951171875 1840.22998046875 1842.6500244140625 1844.9100341796875 1847.199951171875 1849.6300048828125 1852.199951171875 1854.5999755859375
1747.3800048828125 1748.22998046875 1749.1199951171875 1750.06005859375 1751.02001953125 1752.02001953125 1753.0400390625 1754.010009765625 1754.949951171875 1756.1300048828125 1758.010009765625 1760.010009765625 1762.2900390625 1764.739990234375 1767.25 1769.6600341796875 1772.0799560546875 1774.6099853515625 1777.1800537109375 1779.8499755859375 1782.5899658203125 1785.3699951171875 1788.199951171875 1791.0699462890625 1794.02001953125 1797.0400390625 1800.1600341796875 1803.3900146484375 1806.75 1810.219970703125 1813.7900390625 1817.4100341796875 1821.0400390625 1824.6400146484375 1828.1300048828125 1831.469970703125 1834.5899658203125 1837.43994140625 1840.050048828125 1842.47998046875 1844.75 1847.0400390625 1849.530029296875 1852.22998046875 1854.739990234375
