data/asc/mnt_XYZBRAVOSANSFIDOUTEST_2.asc
ncols        320
nrows        303
xllcorner    900372.500000000000
yllcorner    6435217.500000000000
cellsize     5.000000000000
NODATA_value  -99999.00
[rows 260 to 279 of 303, columns 270 to 314 of 320]
1258.43994140625 1258.4000244140625 1258.300048828125 1258.1400146484375 1257.9200439453125 1257.6199951171875 1257.260009765625 1256.81005859375 1256.2900390625 1255.6600341796875 1254.949951171875 1254.1199951171875 1253.1800537109375 1252.1099853515625 1250.969970703125 1249.739990234375 1248.43994140625 1247.0699462890625 1245.6500244140625 1244.1800537109375 1242.6600341796875 1241.1199951171875 1239.550048828125 1237.969970703125 1236.3900146484375 1234.81005859375 1233.25 1231.699951171875 1230.1700439453125 1228.6700439453125 1227.18994140625 1225.719970703125 1224.27001953125 1222.8399658203125 1221.4100341796875 1219.989990234375 1218.56005859375 1217.1400146484375 1215.7099609375 1214.280029296875 1212.8599853515625 1211.43994140625 1210.0400390625 1208.6600341796875 1207.2900390625
1257.449951171875 1257.4200439453125 1257.3399658203125 1257.199951171875 1256.989990234375 1256.7099609375 1256.3699951171875 1255.93994140625 1255.4300537109375 1254.8299560546875 1254.1400146484375 1253.3499755859375 1252.43994140625 1251.4100341796875 1250.300048828125 1249.0899658203125 1247.800048828125 1246.449951171875 1245.050048828125 1243.5899658203125 1242.0899658203125 1240.5699462890625 1239.02001953125 1237.449951171875 1235.8800048828125 1234.31005859375 1232.75 1231.199951171875 1229.6700439453125 1228.1600341796875 1226.6700439453125 1225.199951171875 1223.739990234375 1222.2900390625 1220.8499755859375 1219.4200439453125 1217.97998046875 1216.5400390625 1215.0999755859375 1213.6600341796875 1212.22998046875 1210.800048828125 1209.4000244140625 1208 1206.6300048828125
1256.47998046875 1256.47998046875 1256.4100341796875 1256.2900390625 1256.0999755859375 1255.8399658203125 1255.510009765625 1255.0999755859375 1254.6199951171875 1254.0400390625 1253.3699951171875 1252.5999755859375 1251.719970703125 1250.72998046875 1249.6400146484375 1248.449951171875 1247.18994140625 1245.8499755859375 1244.4599609375 1243.02001953125 1241.5400390625 1240.030029296875 1238.5 1236.949951171875 1235.3900146484375 1233.8299560546875 1232.27001953125 1230.719970703125 1229.18994140625 1227.6700439453125 1226.1800537109375 1224.68994140625 1223.219970703125 1221.77001953125 1220.3199462890625 1218.8699951171875 1217.4200439453125 1215.969970703125 1214.510009765625 1213.06005859375 1211.6199951171875 1210.18994140625 1208.77001953125 1207.3699951171875 1206
1255.550048828125 1255.56005859375 1255.52001953125 1255.4100341796875 1255.239990234375 1255 1254.68994140625 1254.300048828125 1253.8299560546875 1253.27001953125 1252.6300048828125 1251.8800048828125 1251.030029296875 1250.0699462890625 1249.010009765625 1247.8399658203125 1246.5899658203125 1245.27001953125 1243.8900146484375 1242.469970703125 1241 1239.510009765625 1237.989990234375 1236.4599609375 1234.9100341796875 1233.3599853515625 1231.81005859375 1230.260009765625 1228.719970703125 1227.199951171875 1225.699951171875 1224.2099609375 1222.72998046875 1221.260009765625 1219.800048828125 1218.3399658203125 1216.8800048828125 1215.4100341796875 1213.949951171875 1212.489990234375 1211.030029296875 1209.5899658203125 1208.1700439453125 1206.77001953125 1205.4000244140625
1254.6400146484375 1254.6800537109375 1254.6600341796875 1254.5699462890625 1254.4200439453125 1254.18994140625 1253.9000244140625 1253.530029296875 1253.0899658203125 1252.550048828125 1251.9200439453125 1251.18994140625 1250.3599853515625 1249.4300537109375 1248.4000244140625 1247.25 1246.02001953125 1244.7099609375 1243.3499755859375 1241.93994140625 1240.489990234375 1239.010009765625 1237.510009765625 1235.989990234375 1234.449951171875 1232.9000244140625 1231.3499755859375 1229.800048828125 1228.27001953125 1226.739990234375 1225.22998046875 1223.72998046875 1222.239990234375 1220.760009765625 1219.2900390625 1217.8199462890625 1216.3499755859375 1214.8699951171875 1213.4000244140625 1211.9300537109375 1210.469970703125 1209.02001953125 1207.5999755859375 1206.199951171875 1204.8199462890625
1253.77001953125 1253.8299560546875 1253.8299560546875 1253.77001953125 1253.6300048828125 1253.4300537109375 1253.1600341796875 1252.81005859375 1252.3800048828125 1251.8599853515625 1251.25 1250.530029296875 1249.72998046875 1248.8199462890625 1247.81005859375 1246.68994140625 1245.47998046875 1244.1800537109375 1242.8299560546875 1241.4300537109375 1240 1238.530029296875 1237.0400390625 1235.530029296875 1234 1232.449951171875 1230.9100341796875 1229.3599853515625 1227.8199462890625 1226.2900390625 1224.77001953125 1223.260009765625 1221.760009765625 1220.27001953125 1218.7900390625 1217.31005859375 1215.8299560546875 1214.3399658203125 1212.8599853515625 1211.3800048828125 1209.9200439453125 1208.469970703125 1207.050048828125 1205.6500244140625 1204.280029296875
1252.9300537109375 1253.02001953125 1253.0400390625 1253 1252.8900146484375 1252.7099609375 1252.449951171875 1252.1199951171875 1251.7099609375 1251.199951171875 1250.6099853515625 1249.9200439453125 1249.1300048828125 1248.239990234375 1247.25 1246.1600341796875 1244.9599609375 1243.6800537109375 1242.3399658203125 1240.949951171875 1239.530029296875 1238.0699462890625 1236.5899658203125 1235.0899658203125 1233.56005859375 1232.02001953125 1230.469970703125 1228.9200439453125 1227.3800048828125 1225.8399658203125 1224.31005859375 1222.7900390625 1221.280029296875 1219.780029296875 1218.2900390625 1216.800048828125 1215.31005859375 1213.8199462890625 1212.3299560546875 1210.8499755859375 1209.3800048828125 1207.93994140625 1206.52001953125 1205.1199951171875 1203.75
1252.1199951171875 1252.239990234375 1252.2900390625 1252.280029296875 1252.18994140625 1252.02001953125 1251.7900390625 1251.469970703125 1251.0799560546875 1250.5899658203125 1250.02001953125 1249.3399658203125 1248.5699462890625 1247.699951171875 1246.72998046875 1245.6600341796875 1244.47998046875 1243.219970703125 1241.8900146484375 1240.510009765625 1239.0999755859375 1237.6400146484375 1236.1700439453125 1234.6600341796875 1233.1400146484375 1231.5999755859375 1230.050048828125 1228.489990234375 1226.93994140625 1225.3900146484375 1223.8499755859375 1222.3199462890625 1220.800048828125 1219.2900390625 1217.780029296875 1216.280029296875 1214.7900390625 1213.300048828125 1211.81005859375 1210.3299560546875 1208.8699951171875 1207.4200439453125 1206 1204.6099853515625 1203.25
1251.3499755859375 1251.510009765625 1251.5799560546875 1251.5899658203125 1251.52001953125 1251.3800048828125 1251.1700439453125 1250.8699951171875 1250.489990234375 1250.02001953125 1249.4599609375 1248.81005859375 1248.050048828125 1247.18994140625 1246.239990234375 1245.1800537109375 1244.030029296875 1242.7900390625 1241.469970703125 1240.0999755859375 1238.68994140625 1237.239990234375 1235.760009765625 1234.260009765625 1232.72998046875 1231.1800537109375 1229.6300048828125 1228.0699462890625 1226.5 1224.949951171875 1223.3900146484375 1221.8499755859375 1220.31005859375 1218.7900390625 1217.27001953125 1215.77001953125 1214.27001953125 1212.77001953125 1211.2900390625 1209.81005859375 1208.3599853515625 1206.9200439453125 1205.5 1204.1099853515625 1202.75
1250.6199951171875 1250.81005859375 1250.9100341796875 1250.949951171875 1250.9000244140625 1250.7900390625 1250.5899658203125 1250.31005859375 1249.949951171875 1249.5 1248.949951171875 1248.31005859375 1247.56005859375 1246.719970703125 1245.780029296875 1244.739990234375 1243.6099853515625 1242.3800048828125 1241.0799560546875 1239.719970703125 1238.31005859375 1236.8599853515625 1235.3800048828125 1233.8699951171875 1232.3299560546875 1230.780029296875 1229.219970703125 1227.6400146484375 1226.0699462890625 1224.5 1222.9300537109375 1221.3699951171875 1219.8199462890625 1218.2900390625 1216.760009765625 1215.239990234375 1213.739990234375 1212.25 1210.760009765625 1209.300048828125 1207.8399658203125 1206.4100341796875 1205 1203.6199951171875 1202.260009765625
1249.9300537109375 1250.1500244140625 1250.280029296875 1250.3499755859375 1250.3299560546875 1250.22998046875 1250.050048828125 1249.800048828125 1249.449951171875 1249.010009765625 1248.469970703125 1247.8399658203125 1247.1099853515625 1246.280029296875 1245.3499755859375 1244.3199462890625 1243.199951171875 1242 1240.7099609375 1239.3599853515625 1237.949951171875 1236.5 1235.010009765625 1233.489990234375 1231.949951171875 1230.3900146484375 1228.81005859375 1227.22998046875 1225.6400146484375 1224.050048828125 1222.469970703125 1220.8900146484375 1219.3199462890625 1217.77001953125 1216.22998046875 1214.7099609375 1213.199951171875 1211.7099609375 1210.22998046875 1208.77001953125 1207.3299560546875 1205.9000244140625 1204.5 1203.1199951171875 1201.77001953125
1249.27001953125 1249.52001953125 1249.68994140625 1249.7900390625 1249.7900390625 1249.719970703125 1249.56005859375 1249.3199462890625 1248.989990234375 1248.56005859375 1248.030029296875 1247.4100341796875 1246.68994140625 1245.8599853515625 1244.93994140625 1243.9300537109375 1242.8199462890625 1241.6300048828125 1240.3599853515625 1239.02001953125 1237.6099853515625 1236.1500244140625 1234.6600341796875 1233.1300048828125 1231.5699462890625 1230 1228.4100341796875 1226.81005859375 1225.2099609375 1223.5999755859375 1222 1220.4000244140625 1218.8199462890625 1217.25 1215.699951171875 1214.1700439453125 1212.6500244140625 1211.1600341796875 1209.68994140625 1208.22998046875 1206.800048828125 1205.3800048828125 1203.97998046875 1202.6099853515625 1201.260009765625
1248.6500244140625 1248.93994140625 1249.1500244140625 1249.27001953125 1249.300048828125 1249.260009765625 1249.1199951171875 1248.8900146484375 1248.5699462890625 1248.1600341796875 1247.6300048828125 1247.02001953125 1246.300048828125 1245.47998046875 1244.56005859375 1243.550048828125 1242.4599609375 1241.280029296875 1240.02001953125 1238.68994140625 1237.280029296875 1235.8199462890625 1234.31005859375 1232.77001953125 1231.199951171875 1229.6099853515625 1228.010009765625 1226.3900146484375 1224.77001953125 1223.1500244140625 1221.52001953125 1219.9100341796875 1218.31005859375 1216.719970703125 1215.1600341796875 1213.6099853515625 1212.0899658203125 1210.5999755859375 1209.1300048828125 1207.6800537109375 1206.25 1204.8399658203125 1203.449951171875 1202.0799560546875 1200.739990234375
1248.0799560546875 1248.4000244140625 1248.6400146484375 1248.7900390625 1248.8499755859375 1248.8299560546875 1248.7099609375 1248.5 1248.18994140625 1247.7900390625 1247.27001953125 1246.6600341796875 1245.93994140625 1245.1300048828125 1244.2099609375 1243.2099609375 1242.1099853515625 1240.93994140625 1239.6800537109375 1238.3599853515625 1236.949951171875 1235.489990234375 1233.969970703125 1232.4200439453125 1230.8399658203125 1229.22998046875 1227.6099853515625 1225.97998046875 1224.3399658203125 1222.68994140625 1221.050048828125 1219.4100341796875 1217.7900390625 1216.18994140625 1214.5999755859375 1213.050048828125 1211.52001953125 1210.02001953125 1208.550048828125 1207.0999755859375 1205.6800537109375 1204.27001953125 1202.8900146484375 1201.530029296875 1200.18994140625
1247.5400390625 1247.9000244140625 1248.1800537109375 1248.3599853515625 1248.449951171875 1248.43994140625 1248.3399658203125 1248.1500244140625 1247.8499755859375 1247.449951171875 1246.93994140625 1246.3399658203125 1245.6199951171875 1244.81005859375 1243.8900146484375 1242.8800048828125 1241.7900390625 1240.6199951171875 1239.3599853515625 1238.0400390625 1236.6400146484375 1235.1700439453125 1233.6400146484375 1232.0799560546875 1230.47998046875 1228.8599853515625 1227.219970703125 1225.56005859375 1223.9000244140625 1222.22998046875 1220.56005859375 1218.9100341796875 1217.260009765625 1215.6400146484375 1214.0400390625 1212.469970703125 1210.9300537109375 1209.4300537109375 1207.949951171875 1206.5 1205.0799560546875 1203.68994140625 1202.31005859375 1200.949951171875 1199.6199951171875
1247.0400390625 1247.43994140625 1247.75 1247.9599609375 1248.0799560546875 1248.0999755859375 1248.02001953125 1247.8399658203125 1247.550048828125 1247.1600341796875 1246.6500244140625 1246.050048828125 1245.3299560546875 1244.510009765625 1243.5899658203125 1242.5899658203125 1241.489990234375 1240.31005859375 1239.06005859375 1237.72998046875 1236.3299560546875 1234.8599853515625 1233.3199462890625 1231.75 1230.1300048828125 1228.489990234375 1226.8299560546875 1225.1500244140625 1223.469970703125 1221.77001953125 1220.0799560546875 1218.4000244140625 1216.72998046875 1215.0899658203125 1213.469970703125 1211.8900146484375 1210.3299560546875 1208.8199462890625 1207.3299560546875 1205.8900146484375 1204.469970703125 1203.0699462890625 1201.699951171875 1200.3499755859375 1199.030029296875
1246.5799560546875 1247.02001953125 1247.3699951171875 1247.6099853515625 1247.75 1247.800048828125 1247.72998046875 1247.56005859375 1247.2900390625 1246.9000244140625 1246.4000244140625 1245.7900390625 1245.0699462890625 1244.25 1243.3299560546875 1242.3199462890625 1241.2099609375 1240.0400390625 1238.77001953125 1237.449951171875 1236.0400390625 1234.56005859375 1233.02001953125 1231.4300537109375 1229.800048828125 1228.1300048828125 1226.449951171875 1224.75 1223.030029296875 1221.31005859375 1219.5899658203125 1217.8900146484375 1216.18994140625 1214.530029296875 1212.8900146484375 1211.2900390625 1209.719970703125 1208.18994140625 1206.699951171875 1205.25 1203.8299560546875 1202.43994140625 1201.0699462890625 1199.72998046875 1198.4100341796875
1246.1600341796875 1246.6400146484375 1247.02001953125 1247.2900390625 1247.469970703125 1247.530029296875 1247.489990234375 1247.3299560546875 1247.06005859375 1246.6800537109375 1246.1800537109375 1245.5699462890625 1244.8499755859375 1244.02001953125 1243.0999755859375 1242.0799560546875 1240.969970703125 1239.7900390625 1238.52001953125 1237.1800537109375 1235.760009765625 1234.280029296875 1232.72998046875 1231.1199951171875 1229.469970703125 1227.7900390625 1226.0699462890625 1224.3399658203125 1222.5999755859375 1220.8499755859375 1219.1099853515625 1217.3699951171875 1215.6600341796875 1213.969970703125 1212.31005859375 1210.6800537109375 1209.0999755859375 1207.56005859375 1206.06005859375 1204.5999755859375 1203.1700439453125 1201.780029296875 1200.4200439453125 1199.0799560546875 1197.77001953125
1245.7900390625 1246.300048828125 1246.719970703125 1247.02001953125 1247.219970703125 1247.300048828125 1247.280029296875 1247.1300048828125 1246.8699951171875 1246.489990234375 1246 1245.3900146484375 1244.6600341796875 1243.8299560546875 1242.9000244140625 1241.8800048828125 1240.77001953125 1239.5699462890625 1238.2900390625 1236.949951171875 1235.52001953125 1234.02001953125 1232.449951171875 1230.8299560546875 1229.1600341796875 1227.449951171875 1225.7099609375 1223.949951171875 1222.1800537109375 1220.4000244140625 1218.6199951171875 1216.8599853515625 1215.1099853515625 1213.4000244140625 1211.719970703125 1210.0699462890625 1208.469970703125 1206.9100341796875 1205.4000244140625 1203.9300537109375 1202.5 1201.1099853515625 1199.75 1198.4200439453125 1197.1199951171875
1245.4599609375 1246.010009765625 1246.4599609375 1246.7900390625 1247.010009765625 1247.1099853515625 1247.1099853515625 1246.969970703125 1246.719970703125 1246.3499755859375 1245.8499755859375 1245.239990234375 1244.510009765625 1243.6800537109375 1242.739990234375 1241.7099609375 1240.5899658203125 1239.3900146484375 1238.0999755859375 1236.739990234375 1235.300048828125 1233.7900390625 1232.2099609375 1230.56005859375 1228.8699951171875 1227.1300048828125 1225.3599853515625 1223.56005859375 1221.760009765625 1219.949951171875 1218.1400146484375 1216.3499755859375 1214.5699462890625 1212.8299560546875 1211.1300048828125 1209.4599609375 1207.8299560546875 1206.260009765625 1204.72998046875 1203.25 1201.8199462890625 1200.4200439453125 1199.06005859375 1197.739990234375 1196.43994140625
