data/asc/mnt_XYZBRAVOSANSFIDOUTEST_2.asc
ncols        320
nrows        303
xllcorner    900372.500000000000
yllcorner    6435217.500000000000
cellsize     5.000000000000
NODATA_value  -99999.00
[rows 180 to 199 of 303, columns 270 to 314 of 320]
1332.5400390625 1332.030029296875 1331.5 1330.949951171875 1330.3800048828125 1329.780029296875 1329.1600341796875 1328.52001953125 1327.8599853515625 1327.1700439453125 1326.4599609375 1325.72998046875 1324.97998046875 1324.2099609375 1323.4100341796875 1322.5899658203125 1321.75 1320.8800048828125 1320 1319.1099853515625 1318.219970703125 1317.3299560546875 1316.449951171875 1315.5699462890625 1314.6700439453125 1313.760009765625 1312.8299560546875 1311.8800048828125 1310.9000244140625 1309.9100341796875 1308.9100341796875 1307.8900146484375 1306.8599853515625 1305.8199462890625 1304.760009765625 1303.68994140625 1302.5999755859375 1301.489990234375 1300.3599853515625 1299.199951171875 1298.02001953125 1296.800048828125 1295.550048828125 1294.260009765625 1292.93994140625
1331.5 1330.97998046875 1330.449951171875 1329.8900146484375 1329.31005859375 1328.7099609375 1328.0899658203125 1327.449951171875 1326.780029296875 1326.0999755859375 1325.3900146484375 1324.6600341796875 1323.9000244140625 1323.1199951171875 1322.3199462890625 1321.5 1320.6500244140625 1319.77001953125 1318.8800048828125 1317.989990234375 1317.0999755859375 1316.2099609375 1315.3299560546875 1314.4599609375 1313.5699462890625 1312.6700439453125 1311.75 1310.81005859375 1309.8499755859375 1308.8699951171875 1307.8800048828125 1306.8699951171875 1305.8499755859375 1304.8199462890625 1303.77001953125 1302.7099609375 1301.6300048828125 1300.5400390625 1299.4300537109375 1298.2900390625 1297.1300048828125 1295.93994140625 1294.7099609375 1293.449951171875 1292.1500244140625
1330.4599609375 1329.93994140625 1329.4000244140625 1328.8399658203125 1328.25 1327.6500244140625 1327.030029296875 1326.3800048828125 1325.719970703125 1325.030029296875 1324.3199462890625 1323.5899658203125 1322.8299560546875 1322.050048828125 1321.239990234375 1320.4100341796875 1319.550048828125 1318.6700439453125 1317.77001953125 1316.8699951171875 1315.969970703125 1315.0799560546875 1314.2099609375 1313.3299560546875 1312.4599609375 1311.56005859375 1310.6600341796875 1309.72998046875 1308.780029296875 1307.8199462890625 1306.8399658203125 1305.8399658203125 1304.8299560546875 1303.81005859375 1302.77001953125 1301.719970703125 1300.6600341796875 1299.5799560546875 1298.47998046875 1297.3699951171875 1296.219970703125 1295.06005859375 1293.8499755859375 1292.6199951171875 1291.3399658203125
1329.4200439453125 1328.8900146484375 1328.3499755859375 1327.7900390625 1327.199951171875 1326.5899658203125 1325.969970703125 1325.3199462890625 1324.6500244140625 1323.9599609375 1323.25 1322.52001953125 1321.760009765625 1320.969970703125 1320.1600341796875 1319.3199462890625 1318.449951171875 1317.56005859375 1316.6600341796875 1315.75 1314.8399658203125 1313.949951171875 1313.0699462890625 1312.199951171875 1311.3299560546875 1310.449951171875 1309.550048828125 1308.6400146484375 1307.699951171875 1306.760009765625 1305.7900390625 1304.800048828125 1303.800048828125 1302.7900390625 1301.760009765625 1300.719970703125 1299.6700439453125 1298.6099853515625 1297.52001953125 1296.4200439453125 1295.300048828125 1294.1500244140625 1292.969970703125 1291.75 1290.47998046875
1328.3699951171875 1327.8499755859375 1327.300048828125 1326.72998046875 1326.1400146484375 1325.530029296875 1324.9100341796875 1324.260009765625 1323.5899658203125 1322.9000244140625 1322.1800537109375 1321.449951171875 1320.6800537109375 1319.8900146484375 1319.0699462890625 1318.219970703125 1317.3499755859375 1316.449951171875 1315.5400390625 1314.6300048828125 1313.7099609375 1312.8199462890625 1311.93994140625 1311.06005859375 1310.18994140625 1309.3199462890625 1308.4300537109375 1307.530029296875 1306.6099853515625 1305.6800537109375 1304.719970703125 1303.75 1302.760009765625 1301.760009765625 1300.75 1299.719970703125 1298.6800537109375 1297.6199951171875 1296.550048828125 1295.469970703125 1294.3599853515625 1293.22998046875 1292.06005859375 1290.8499755859375 1289.5899658203125
1327.3199462890625 1326.7900390625 1326.239990234375 1325.6800537109375 1325.0799560546875 1324.469970703125 1323.8399658203125 1323.18994140625 1322.52001953125 1321.8199462890625 1321.1099853515625 1320.3599853515625 1319.5999755859375 1318.800048828125 1317.97998046875 1317.1199951171875 1316.25 1315.3399658203125 1314.4300537109375 1313.5 1312.5899658203125 1311.6800537109375 1310.800048828125 1309.9200439453125 1309.050048828125 1308.1800537109375 1307.300048828125 1306.4100341796875 1305.510009765625 1304.5899658203125 1303.6500244140625 1302.68994140625 1301.7099609375 1300.719970703125 1299.719970703125 1298.699951171875 1297.6700439453125 1296.6300048828125 1295.5699462890625 1294.5 1293.4000244140625 1292.280029296875 1291.1199951171875 1289.9200439453125 1288.6700439453125
1326.27001953125 1325.739990234375 1325.1800537109375 1324.6099853515625 1324.02001953125 1323.4100341796875 1322.77001953125 1322.1099853515625 1321.43994140625 1320.739990234375 1320.02001953125 1319.27001953125 1318.5 1317.68994140625 1316.8699951171875 1316.010009765625 1315.1300048828125 1314.22998046875 1313.31005859375 1312.3800048828125 1311.4599609375 1310.550048828125 1309.6600341796875 1308.780029296875 1307.9100341796875 1307.0400390625 1306.1600341796875 1305.280029296875 1304.3900146484375 1303.47998046875 1302.550048828125 1301.6099853515625 1300.6500244140625 1299.6700439453125 1298.6800537109375 1297.6700439453125 1296.6500244140625 1295.6199951171875 1294.5699462890625 1293.510009765625 1292.4200439453125 1291.300048828125 1290.1400146484375 1288.949951171875 1287.699951171875
1325.2099609375 1324.6700439453125 1324.1099853515625 1323.5400390625 1322.93994140625 1322.3299560546875 1321.68994140625 1321.030029296875 1320.3399658203125 1319.6400146484375 1318.9100341796875 1318.1600341796875 1317.3800048828125 1316.5699462890625 1315.739990234375 1314.8800048828125 1314 1313.0999755859375 1312.1800537109375 1311.260009765625 1310.3399658203125 1309.4300537109375 1308.530029296875 1307.6500244140625 1306.77001953125 1305.8900146484375 1305.02001953125 1304.1400146484375 1303.25 1302.3599853515625 1301.43994140625 1300.510009765625 1299.5699462890625 1298.5999755859375 1297.6300048828125 1296.6300048828125 1295.6199951171875 1294.5999755859375 1293.56005859375 1292.489990234375 1291.4100341796875 1290.2900390625 1289.1400146484375 1287.93994140625 1286.6800537109375
1324.1400146484375 1323.5899658203125 1323.030029296875 1322.4599609375 1321.8599853515625 1321.239990234375 1320.5899658203125 1319.9300537109375 1319.239990234375 1318.52001953125 1317.7900390625 1317.02001953125 1316.239990234375 1315.4300537109375 1314.5999755859375 1313.739990234375 1312.8699951171875 1311.969970703125 1311.06005859375 1310.1400146484375 1309.219970703125 1308.31005859375 1307.4100341796875 1306.510009765625 1305.6300048828125 1304.75 1303.8699951171875 1302.989990234375 1302.1099853515625 1301.219970703125 1300.3199462890625 1299.4000244140625 1298.469970703125 1297.52001953125 1296.56005859375 1295.5799560546875 1294.5799560546875 1293.56005859375 1292.52001953125 1291.4599609375 1290.3800048828125 1289.260009765625 1288.0999755859375 1286.8900146484375 1285.6300048828125
1323.06005859375 1322.510009765625 1321.949951171875 1321.3699951171875 1320.760009765625 1320.1400146484375 1319.489990234375 1318.8199462890625 1318.1199951171875 1317.3900146484375 1316.6500244140625 1315.8800048828125 1315.0899658203125 1314.27001953125 1313.43994140625 1312.5899658203125 1311.719970703125 1310.8299560546875 1309.9200439453125 1309.010009765625 1308.0999755859375 1307.18994140625 1306.280029296875 1305.3800048828125 1304.489990234375 1303.5999755859375 1302.719970703125 1301.8399658203125 1300.9599609375 1300.0699462890625 1299.1800537109375 1298.27001953125 1297.3499755859375 1296.4200439453125 1295.469970703125 1294.5 1293.510009765625 1292.5 1291.469970703125 1290.4100341796875 1289.3199462890625 1288.18994140625 1287.02001953125 1285.81005859375 1284.530029296875
1321.97998046875 1321.4200439453125 1320.8499755859375 1320.27001953125 1319.6600341796875 1319.030029296875 1318.3699951171875 1317.68994140625 1316.989990234375 1316.25 1315.5 1314.719970703125 1313.9200439453125 1313.0999755859375 1312.27001953125 1311.4200439453125 1310.56005859375 1309.6800537109375 1308.780029296875 1307.8800048828125 1306.97998046875 1306.0699462890625 1305.1600341796875 1304.260009765625 1303.3499755859375 1302.4599609375 1301.5699462890625 1300.6800537109375 1299.800048828125 1298.9200439453125 1298.030029296875 1297.1300048828125 1296.219970703125 1295.300048828125 1294.3599853515625 1293.4000244140625 1292.4200439453125 1291.4200439453125 1290.3900146484375 1289.3199462890625 1288.22998046875 1287.0899658203125 1285.9100341796875 1284.6800537109375 1283.3900146484375
1320.9000244140625 1320.3399658203125 1319.760009765625 1319.1700439453125 1318.550048828125 1317.9100341796875 1317.25 1316.56005859375 1315.8399658203125 1315.0999755859375 1314.3399658203125 1313.550048828125 1312.75 1311.9300537109375 1311.0899658203125 1310.25 1309.3900146484375 1308.52001953125 1307.6300048828125 1306.75 1305.8499755859375 1304.949951171875 1304.0400390625 1303.1300048828125 1302.219970703125 1301.3199462890625 1300.4200439453125 1299.530029296875 1298.6400146484375 1297.75 1296.8699951171875 1295.969970703125 1295.0799560546875 1294.1600341796875 1293.239990234375 1292.280029296875 1291.31005859375 1290.31005859375 1289.280029296875 1288.2099609375 1287.1099853515625 1285.9599609375 1284.760009765625 1283.52001953125 1282.219970703125
1319.8299560546875 1319.25 1318.6600341796875 1318.06005859375 1317.4300537109375 1316.7900390625 1316.1199951171875 1315.4200439453125 1314.699951171875 1313.949951171875 1313.1700439453125 1312.3800048828125 1311.5699462890625 1310.739990234375 1309.9100341796875 1309.06005859375 1308.2099609375 1307.3499755859375 1306.47998046875 1305.5999755859375 1304.7099609375 1303.8199462890625 1302.9100341796875 1302 1301.0899658203125 1300.1800537109375 1299.27001953125 1298.3699951171875 1297.47998046875 1296.5899658203125 1295.699951171875 1294.81005859375 1293.9100341796875 1293.010009765625 1292.0899658203125 1291.1400146484375 1290.1700439453125 1289.1700439453125 1288.1400146484375 1287.06005859375 1285.949951171875 1284.7900390625 1283.5799560546875 1282.3199462890625 1281
1318.760009765625 1318.1700439453125 1317.56005859375 1316.949951171875 1316.3199462890625 1315.6600341796875 1314.97998046875 1314.280029296875 1313.550048828125 1312.7900390625 1312.010009765625 1311.2099609375 1310.3900146484375 1309.56005859375 1308.719970703125 1307.8800048828125 1307.030029296875 1306.1700439453125 1305.31005859375 1304.43994140625 1303.56005859375 1302.6800537109375 1301.77001953125 1300.8699951171875 1299.949951171875 1299.0400390625 1298.1300048828125 1297.219970703125 1296.3199462890625 1295.4200439453125 1294.52001953125 1293.6300048828125 1292.739990234375 1291.8299560546875 1290.9100341796875 1289.969970703125 1289 1288 1286.9599609375 1285.8800048828125 1284.760009765625 1283.5799560546875 1282.3599853515625 1281.0799560546875 1279.75
1317.7099609375 1317.0899658203125 1316.469970703125 1315.8399658203125 1315.199951171875 1314.530029296875 1313.8399658203125 1313.1300048828125 1312.3900146484375 1311.6300048828125 1310.8399658203125 1310.0400390625 1309.2099609375 1308.3800048828125 1307.5400390625 1306.699951171875 1305.8399658203125 1304.989990234375 1304.1400146484375 1303.27001953125 1302.4000244140625 1301.530029296875 1300.6300048828125 1299.72998046875 1298.8199462890625 1297.9000244140625 1296.989990234375 1296.0699462890625 1295.1500244140625 1294.239990234375 1293.3399658203125 1292.43994140625 1291.550048828125 1290.6400146484375 1289.719970703125 1288.77001953125 1287.800048828125 1286.800048828125 1285.760009765625 1284.6600341796875 1283.530029296875 1282.3399658203125 1281.1099853515625 1279.8199462890625 1278.469970703125
1316.6600341796875 1316.030029296875 1315.3900146484375 1314.739990234375 1314.0799560546875 1313.4000244140625 1312.699951171875 1311.97998046875 1311.239990234375 1310.469970703125 1309.6800537109375 1308.8699951171875 1308.0400390625 1307.2099609375 1306.3599853515625 1305.510009765625 1304.6600341796875 1303.81005859375 1302.949951171875 1302.0999755859375 1301.239990234375 1300.3699951171875 1299.47998046875 1298.5899658203125 1297.6800537109375 1296.77001953125 1295.8399658203125 1294.9200439453125 1293.989990234375 1293.0699462890625 1292.1600341796875 1291.25 1290.3399658203125 1289.4300537109375 1288.510009765625 1287.56005859375 1286.5799560546875 1285.5699462890625 1284.52001953125 1283.4200439453125 1282.280029296875 1281.0799560546875 1279.8299560546875 1278.530029296875 1277.1700439453125
1315.6300048828125 1314.97998046875 1314.31005859375 1313.6400146484375 1312.969970703125 1312.280029296875 1311.5699462890625 1310.8399658203125 1310.0899658203125 1309.3199462890625 1308.52001953125 1307.7099609375 1306.8800048828125 1306.0400390625 1305.18994140625 1304.3299560546875 1303.47998046875 1302.6199951171875 1301.77001953125 1300.9200439453125 1300.06005859375 1299.199951171875 1298.3199462890625 1297.43994140625 1296.5400390625 1295.6300048828125 1294.699951171875 1293.77001953125 1292.8299560546875 1291.8900146484375 1290.969970703125 1290.050048828125 1289.1300048828125 1288.2099609375 1287.280029296875 1286.3199462890625 1285.3399658203125 1284.3199462890625 1283.27001953125 1282.1600341796875 1281 1279.7900390625 1278.5400390625 1277.219970703125 1275.8499755859375
1314.6199951171875 1313.93994140625 1313.25 1312.56005859375 1311.8599853515625 1311.1600341796875 1310.43994140625 1309.699951171875 1308.93994140625 1308.1700439453125 1307.3699951171875 1306.550048828125 1305.719970703125 1304.8699951171875 1304.02001953125 1303.1600341796875 1302.300048828125 1301.43994140625 1300.5899658203125 1299.72998046875 1298.8800048828125 1298.02001953125 1297.1600341796875 1296.280029296875 1295.3900146484375 1294.47998046875 1293.550048828125 1292.6099853515625 1291.6600341796875 1290.7099609375 1289.77001953125 1288.8399658203125 1287.9100341796875 1286.97998046875 1286.030029296875 1285.0699462890625 1284.0799560546875 1283.050048828125 1281.989990234375 1280.8699951171875 1279.7099609375 1278.489990234375 1277.219970703125 1275.8900146484375 1274.52001953125
1313.6300048828125 1312.9200439453125 1312.199951171875 1311.489990234375 1310.77001953125 1310.050048828125 1309.31005859375 1308.5699462890625 1307.800048828125 1307.02001953125 1306.219970703125 1305.4000244140625 1304.56005859375 1303.719970703125 1302.8599853515625 1301.989990234375 1301.1300048828125 1300.260009765625 1299.4100341796875 1298.550048828125 1297.699951171875 1296.8399658203125 1295.97998046875 1295.1099853515625 1294.22998046875 1293.3199462890625 1292.3900146484375 1291.43994140625 1290.489990234375 1289.530029296875 1288.5699462890625 1287.6199951171875 1286.6800537109375 1285.739990234375 1284.780029296875 1283.81005859375 1282.800048828125 1281.77001953125 1280.68994140625 1279.5699462890625 1278.4000244140625 1277.1700439453125 1275.9000244140625 1274.5699462890625 1273.1800537109375
1312.6500244140625 1311.9100341796875 1311.1700439453125 1310.4300537109375 1309.68994140625 1308.949951171875 1308.199951171875 1307.43994140625 1306.6700439453125 1305.8800048828125 1305.0799560546875 1304.260009765625 1303.4200439453125 1302.5699462890625 1301.699951171875 1300.8299560546875 1299.9599609375 1299.0899658203125 1298.22998046875 1297.3699951171875 1296.52001953125 1295.6600341796875 1294.800048828125 1293.93994140625 1293.06005859375 1292.1500244140625 1291.219970703125 1290.27001953125 1289.31005859375 1288.3299560546875 1287.3699951171875 1286.4100341796875 1285.449951171875 1284.489990234375 1283.52001953125 1282.530029296875 1281.52001953125 1280.469970703125 1279.3900146484375 1278.260009765625 1277.0799560546875 1275.8499755859375 1274.56005859375 1273.22998046875 1271.8499755859375
